box: 0.07140798031378946
cls: 0.46312589434355633
dfl: 1.3127070468937196
fliplr: 0.5636196176412798
flipud: 0.2882519808308238
hsv_h: 0.017351360216514393
hsv_s: 0.6971630715901096
hsv_v: 0.3213744936509859
lr0: 0.048117056448515556
lrf: 0.10572865615957065
mixup: 0.09972237348000992
momentum: 0.805892487977318
mosaic: 0.5937355916148969
warmup_epochs: 1.7207575123688748
weight_decay: 8.671311282524392e-05
